[15.44727611541748, 18.867258071899414, 15.027512550354004, 9.843615531921387, -17.561355590820312, -2.43356990814209, 6.043802261352539, 22.703807830810547, -11.11624526977539, -8.588518142700195, 15.362260818481445, 1.6974618434906006, -3.2198712825775146, 18.179182052612305, 11.363090515136719, -9.861933708190918]
[20.567201614379883, 11.803129196166992, 18.06365394592285, 14.110235214233398, -25.16472053527832, -5.228211879730225, 14.037161827087402, 30.149038314819336, -3.181131601333618, -2.0237393379211426, 19.952363967895508, 5.083184242248535, -0.09927497804164886, 22.46892547607422, 23.589611053466797, -15.840755462646484]
[23.939226150512695, 19.189228057861328, 24.57070541381836, 22.252920150756836, -29.694496154785156, -5.220799446105957, 22.362096786499023, 28.542078018188477, 4.346134662628174, -13.894563674926758, 25.102169036865234, 5.059706211090088, -3.302767038345337, -4.362102508544922, 35.218666076660156, -7.617554664611816]
[19.697959899902344, 14.299199104309082, 17.990724563598633, 26.907920837402344, -28.32208251953125, -2.380723476409912, 10.098919868469238, 15.660690307617188, -4.739919662475586, 2.9428699016571045, 18.855365753173828, 10.8660249710083, -11.54134750366211, 21.78853416442871, 12.735945701599121, -19.23404312133789]
[26.491235733032227, 25.407798767089844, 19.654125213623047, 2.697326421737671, -4.282285690307617, -18.844741821289062, 22.49847984313965, 29.309633255004883, 0.04930953308939934, -19.034305572509766, -6.101069927215576, -6.826847553253174, -8.169835090637207, 5.970661640167236, 11.054515838623047, 12.076327323913574]
[26.491235733032227, 25.407798767089844, 19.654125213623047, 2.697326421737671, -4.282285690307617, -18.844741821289062, 22.49847984313965, 29.309633255004883, 0.04930953308939934, -19.034305572509766, -6.101069927215576, -6.826847553253174, -8.169835090637207, 5.970661640167236, 11.054515838623047, 12.076327323913574]
[21.130035400390625, 10.7970552444458, 22.271638870239258, 16.523405075073242, -23.656293869018555, -3.0889720916748047, 14.162690162658691, 30.84146499633789, -6.672808647155762, -6.38320779800415, 24.160507202148438, 2.5205206871032715, -8.785284996032715, 14.449105262756348, 16.24936866760254, -18.332605361938477]
[25.22679901123047, 17.344518661499023, 18.182754516601562, 15.83382797241211, -26.92571258544922, -8.3818359375, 20.81423568725586, 32.246482849121094, 7.423818588256836, -13.783378601074219, 14.666338920593262, 3.4186272621154785, -3.6895761489868164, 9.272892951965332, 30.49587631225586, -3.0216245651245117]
[24.750211715698242, 14.748444557189941, 21.82337188720703, 22.217510223388672, -30.76067352294922, -8.102804183959961, 17.96147918701172, 30.34416389465332, -6.3603515625, 2.577021598815918, 23.004079818725586, -0.1452547013759613, 3.5994348526000977, 17.459836959838867, 22.65995216369629, -15.03909969329834]
[29.36637306213379, 20.0125789642334, 23.662689208984375, 22.6607608795166, -29.362348556518555, -7.175699234008789, 23.63556671142578, 36.273101806640625, 8.31004810333252, -15.074441909790039, 23.516633987426758, -2.46631121635437, -5.276052474975586, -0.5399355888366699, 33.78183364868164, -6.007480144500732]
[26.1212158203125, 14.18470287322998, 24.212892532348633, 18.566028594970703, -30.101591110229492, -6.202417373657227, 24.709251403808594, 31.12505340576172, 11.542098045349121, -8.285176277160645, 26.052106857299805, 4.812467098236084, 2.698983669281006, 6.751503944396973, 33.343055725097656, -19.98126792907715]
[22.351961135864258, 7.128347873687744, 20.411714553833008, 9.382201194763184, -25.04554557800293, -2.628880500793457, 19.039817810058594, 29.441364288330078, 2.3704967498779297, -10.4503812789917, 16.421964645385742, 11.312444686889648, 1.2283308506011963, 23.630130767822266, 20.521499633789062, -8.166740417480469]
[24.042112350463867, 8.40282154083252, 20.206323623657227, 16.66358757019043, -28.232999801635742, 1.7729861736297607, 15.918745994567871, 29.497541427612305, 10.004233360290527, -14.304720878601074, 13.762056350708008, 11.598522186279297, -9.588371276855469, 23.715492248535156, 17.650819778442383, -8.53291130065918]
[25.96756935119629, 15.380188941955566, 20.997020721435547, 23.512500762939453, -33.61848068237305, -3.2272510528564453, 23.57275390625, 30.161823272705078, 1.95719575881958, -17.73241424560547, 22.973955154418945, -1.1252506971359253, -4.788513660430908, -3.620084047317505, 30.137998580932617, -13.154945373535156]
[32.08303451538086, 21.446338653564453, 25.078584671020508, 24.274471282958984, -27.878313064575195, -7.495323657989502, 27.221460342407227, 35.627532958984375, 2.1799705028533936, -8.101592063903809, 22.6597957611084, -2.4707601070404053, -12.609033584594727, -3.560389995574951, 31.060476303100586, -14.03287124633789]
[26.744375228881836, 17.121997833251953, 18.278141021728516, 19.889759063720703, -31.819808959960938, -1.709316611289978, 16.66727066040039, 25.534168243408203, 3.4474222660064697, -13.188090324401855, 20.582841873168945, 1.8019828796386719, -3.384324073791504, 8.877058029174805, 27.772470474243164, -15.008668899536133]
[26.778932571411133, 14.249351501464844, 15.453885078430176, 21.898296356201172, -36.11446762084961, -3.1307454109191895, 22.26923942565918, 31.698118209838867, 5.3630194664001465, -7.2182297706604, 16.836366653442383, 8.285079956054688, -8.112930297851562, 12.952569961547852, 14.413965225219727, -14.655684471130371]
[23.698169708251953, 13.713972091674805, 18.32859992980957, 15.789681434631348, -28.517866134643555, -19.647689819335938, 20.46782684326172, 30.511775970458984, -9.556926727294922, -8.066844940185547, 18.141202926635742, -0.42827385663986206, -3.2795963287353516, 5.649351119995117, 22.978416442871094, -12.272958755493164]
[18.96929931640625, 12.940415382385254, 13.210700988769531, 15.545197486877441, -26.254858016967773, -17.026792526245117, 19.572843551635742, 26.022769927978516, -0.7422081232070923, 2.4271888732910156, 17.719045639038086, 5.239998817443848, 2.020433187484741, 20.582298278808594, 19.35408592224121, -16.781108856201172]
[21.247264862060547, 18.11983871459961, 21.424081802368164, 29.960172653198242, -31.249168395996094, -9.531905174255371, 23.85382843017578, 29.40917205810547, -2.414583921432495, -2.774665594100952, 20.127731323242188, -5.360258102416992, -2.197126626968384, 10.473597526550293, 21.2463321685791, -11.053433418273926]
[22.42412757873535, 18.754764556884766, 17.648468017578125, 25.799680709838867, -33.66410446166992, -8.940163612365723, 10.321120262145996, 23.796659469604492, -7.378226280212402, 0.5984887480735779, 16.212350845336914, 2.5711851119995117, -7.2561516761779785, 14.516322135925293, 17.858631134033203, -12.184269905090332]
[29.211158752441406, 19.411888122558594, 15.63772964477539, 22.900754928588867, -32.36384582519531, -2.0723378658294678, 20.72783851623535, 29.7686824798584, 1.4461524486541748, -10.393604278564453, 15.095284461975098, 2.31294322013855, -8.700874328613281, 5.77302360534668, 30.316984176635742, -9.22221565246582]
[25.109312057495117, 14.956233978271484, 26.70052146911621, 31.105266571044922, -31.998523712158203, -10.81999683380127, 21.69523048400879, 29.22115135192871, -7.959282398223877, -0.043112099170684814, 23.730634689331055, -0.33666348457336426, -2.515636920928955, 19.684288024902344, 11.893129348754883, -12.944459915161133]
[32.04881286621094, 17.862430572509766, 20.123485565185547, 22.3187255859375, -35.436553955078125, -2.1036298274993896, 23.39101219177246, 34.50746536254883, 6.696913242340088, -11.620975494384766, 22.42238998413086, -0.9577469825744629, -5.373868465423584, -1.8542414903640747, 29.442840576171875, -14.41475772857666]
[32.637943267822266, 13.85506534576416, 25.634469985961914, 27.588088989257812, -31.94013786315918, 1.6800804138183594, 15.453960418701172, 37.300724029541016, -4.784329891204834, -9.051733016967773, 23.086978912353516, 4.677702903747559, -10.560858726501465, 9.775814056396484, 31.2969913482666, -6.296865940093994]
[25.08632469177246, 18.725011825561523, 18.475000381469727, 7.705348968505859, -21.924001693725586, -18.31591033935547, 22.19300079345703, 33.14656448364258, 4.699728488922119, -8.050161361694336, 8.222773551940918, -4.199526786804199, 3.1419339179992676, 7.169748783111572, 13.007676124572754, -13.32010555267334]
[25.50755500793457, 10.740318298339844, 20.25887107849121, 17.8677921295166, -30.54254913330078, -8.37702465057373, 18.565597534179688, 31.825952529907227, -6.084756374359131, -2.8090033531188965, 18.111164093017578, 7.230916976928711, -5.7941412925720215, 15.852972984313965, 15.814654350280762, -13.744736671447754]
[20.820945739746094, 19.050092697143555, 20.553510665893555, 24.824636459350586, -26.785629272460938, -3.879795551300049, 18.02606201171875, 27.434614181518555, -3.0239737033843994, -7.5650811195373535, 23.602312088012695, 0.07109591364860535, -8.765588760375977, 4.199455261230469, 34.694095611572266, -12.706408500671387]
[12.66162395477295, 6.639753818511963, 10.509675979614258, 30.764108657836914, -37.69718551635742, -2.687159538269043, 6.401651859283447, 17.347257614135742, 5.344816207885742, 6.966585159301758, 22.022075653076172, 18.682554244995117, -14.26754093170166, 31.493371963500977, -1.907331943511963, -27.89400863647461]
[28.859298706054688, 14.817041397094727, 23.434309005737305, 26.053842544555664, -33.45524597167969, -5.082777500152588, 18.768707275390625, 33.418540954589844, -0.37652671337127686, -6.086215972900391, 20.809276580810547, 3.5260446071624756, -8.419557571411133, 4.331728935241699, 22.01295280456543, -12.22585678100586]
[20.440000534057617, 14.685672760009766, 14.58620834350586, 18.75697135925293, -29.61333465576172, -18.513015747070312, 20.287872314453125, 24.287649154663086, -13.850334167480469, 4.940736770629883, 22.802541732788086, -4.9243316650390625, 2.4779419898986816, 13.982027053833008, 14.289702415466309, -19.715055465698242]
[21.76283073425293, 11.108001708984375, 15.017671585083008, 15.312150955200195, -25.929454803466797, -18.153284072875977, 20.95265769958496, 31.746192932128906, -1.007967233657837, -5.121910095214844, 15.943814277648926, 0.4981163442134857, 0.4464079737663269, 12.795990943908691, 14.447089195251465, -9.270964622497559]
[21.83472442626953, 10.580530166625977, 15.337655067443848, 15.484803199768066, -23.482158660888672, -17.488842010498047, 20.960474014282227, 30.269760131835938, -2.112412452697754, 0.9478216171264648, 16.59132194519043, 5.3401641845703125, 2.3345789909362793, 18.54832649230957, 18.474088668823242, -12.704639434814453]
[19.060672760009766, 15.51321029663086, 18.578353881835938, 23.258285522460938, -29.515159606933594, -10.659294128417969, 16.35663414001465, 34.00822448730469, -11.273055076599121, -3.638606071472168, 16.95956802368164, -0.04904279112815857, -9.769965171813965, 13.044780731201172, 18.86124038696289, -7.020157814025879]
[21.629209518432617, 15.124127388000488, 14.974056243896484, 19.549131393432617, -34.12379837036133, -9.866020202636719, 9.524083137512207, 22.312606811523438, 0.8221946954727173, 1.4761502742767334, 20.05950927734375, 6.748999118804932, 4.064233779907227, 24.586444854736328, 24.172754287719727, -24.121179580688477]
[21.488828659057617, 13.45526123046875, 14.380607604980469, 23.191011428833008, -31.6095027923584, -13.231722831726074, 14.177387237548828, 22.49111557006836, -6.248000144958496, 2.342198371887207, 30.870695114135742, 0.24292966723442078, 3.931767463684082, 20.828332901000977, 24.48955535888672, -28.289594650268555]
[22.34015655517578, 11.998579025268555, 17.744356155395508, 25.29058074951172, -35.33549118041992, -3.318424940109253, 16.212997436523438, 25.11562728881836, 5.5082502365112305, -1.4893383979797363, 25.914167404174805, 5.917234420776367, 0.3174859881401062, 20.567184448242188, 18.338436126708984, -19.697978973388672]
[25.72298240661621, 15.192862510681152, 14.617910385131836, 16.609365463256836, -26.457475662231445, -6.069096088409424, 18.439550399780273, 40.84888458251953, -0.3624551296234131, -16.607664108276367, 11.506991386413574, 7.175197601318359, -5.704080581665039, 8.730552673339844, 12.508516311645508, -8.880702018737793]
[29.56560516357422, 14.408609390258789, 19.649940490722656, 16.918851852416992, -30.90091896057129, -2.6717872619628906, 24.08958625793457, 29.16718101501465, 6.457487106323242, -13.342601776123047, 21.260778427124023, 3.9577276706695557, -5.641407012939453, 12.470168113708496, 19.93697738647461, -19.356243133544922]
[19.461624145507812, 15.149513244628906, 16.299043655395508, 18.78227424621582, -21.189857482910156, -5.7228193283081055, 17.64516258239746, 29.671499252319336, -0.060982853174209595, -5.298807144165039, 15.31495475769043, 3.5245864391326904, -7.348775863647461, 12.532041549682617, 19.365623474121094, -8.616164207458496]
[24.611770629882812, 18.69634246826172, 18.764915466308594, 20.18317985534668, -24.186614990234375, -3.8813955783843994, 25.494731903076172, 35.8282585144043, 6.271823883056641, -16.210941314697266, 23.9654541015625, -6.332035064697266, -1.4782212972640991, -1.9954452514648438, 33.12229537963867, -15.39077377319336]
[21.734548568725586, 12.548147201538086, 19.356529235839844, 35.11265182495117, -34.612342834472656, -3.461440324783325, 17.70322608947754, 22.59003257751465, -4.035065174102783, 10.072002410888672, 32.29332733154297, 5.108430862426758, 0.8348196744918823, 25.501453399658203, 15.242071151733398, -28.787981033325195]
[27.058753967285156, 12.706027030944824, 20.410663604736328, 17.466434478759766, -29.395193099975586, 1.5847349166870117, 20.145370483398438, 32.411495208740234, 5.32602071762085, -18.514297485351562, 15.64076042175293, 4.508745193481445, -5.786651611328125, 7.657186031341553, 20.4422607421875, -4.835533142089844]
[15.2059907913208, 11.548487663269043, 14.218331336975098, 28.23433494567871, -30.358959197998047, -14.51861572265625, 18.6533260345459, 29.93722152709961, -5.537917613983154, -1.9950730800628662, 21.74555015563965, 2.9111294746398926, -2.5301594734191895, 10.064620971679688, 23.98334503173828, -15.702577590942383]
[12.244782447814941, 13.58059024810791, 15.64322280883789, 21.53757095336914, -25.296979904174805, -16.346336364746094, 15.367563247680664, 23.74460220336914, -10.510393142700195, 1.4996105432510376, 18.552936553955078, 0.5271781086921692, 6.676288604736328, 14.867141723632812, 18.451818466186523, -12.108431816101074]
[29.50335121154785, 12.175666809082031, 20.11737632751465, 25.49650764465332, -33.06016540527344, -1.2373600006103516, 17.17477035522461, 31.268722534179688, 1.7527425289154053, -7.5607991218566895, 18.31001853942871, 10.53267765045166, -13.006525993347168, 16.494234085083008, 25.21208381652832, -13.034018516540527]
[24.978660583496094, 16.100221633911133, 14.599504470825195, 19.258630752563477, -32.893157958984375, 2.55068039894104, 19.548206329345703, 32.48423767089844, 5.832304000854492, -10.155559539794922, 15.382606506347656, 0.049078673124313354, -6.342737197875977, 7.561547756195068, 23.03083610534668, -8.22288703918457]
[25.238792419433594, 13.997496604919434, 17.559377670288086, 22.939777374267578, -34.70725631713867, -1.9812800884246826, 18.363121032714844, 32.25228500366211, -1.2345613241195679, -7.355221748352051, 19.165611267089844, 3.549185037612915, -8.445778846740723, 10.130632400512695, 21.11855697631836, -11.90018367767334]
[14.910117149353027, 16.864728927612305, 16.2939510345459, 18.42759132385254, -23.85437774658203, -12.844803810119629, 15.405937194824219, 25.26698875427246, -0.5961583256721497, -8.462549209594727, 13.872099876403809, -0.9440621137619019, -7.5196852684021, 10.3649263381958, 17.997037887573242, -3.2895350456237793]
[16.05881690979004, 18.754016876220703, 16.56193733215332, 22.536542892456055, -28.92865562438965, -7.521570682525635, 7.264240741729736, 17.164186477661133, -5.054225921630859, 4.000742435455322, 19.514873504638672, 3.6336846351623535, 2.004774570465088, 23.754138946533203, 13.40344524383545, -16.316709518432617]
[28.377317428588867, 18.992826461791992, 22.809940338134766, 23.43962860107422, -26.929933547973633, -3.206986427307129, 22.88155746459961, 36.2926139831543, 8.055886268615723, -13.638243675231934, 25.07927703857422, -0.3179572522640228, -5.8069024085998535, -0.7844710350036621, 33.054298400878906, -8.652968406677246]
[24.7003231048584, 16.137107849121094, 18.364656448364258, 21.911088943481445, -25.315887451171875, -9.578706741333008, 14.936556816101074, 29.82395362854004, -0.4265919327735901, -13.144720077514648, 17.206573486328125, 2.437387466430664, 1.3626376390457153, 5.850533485412598, 32.510799407958984, -1.013202428817749]
[20.982681274414062, 17.1505126953125, 13.309971809387207, 14.989054679870605, -23.491151809692383, -6.585540294647217, 12.639894485473633, 26.384204864501953, 3.2552011013031006, -6.733388900756836, 16.026426315307617, 4.472070693969727, -11.219730377197266, 15.952880859375, 18.7575740814209, -11.03412914276123]
[21.25482940673828, 19.146831512451172, 15.121272087097168, 10.771543502807617, -18.905284881591797, -10.197029113769531, 10.848071098327637, 27.62318229675293, -8.437196731567383, -8.878064155578613, 14.053258895874023, 4.654257297515869, -4.978839874267578, 16.450870513916016, 16.630245208740234, -5.122591972351074]
[17.261688232421875, 21.516176223754883, 9.673922538757324, 6.692235946655273, -18.34331512451172, -13.354043960571289, 8.641633033752441, 21.01675033569336, -10.706355094909668, -3.919342279434204, 13.317954063415527, 2.6123299598693848, -3.1731045246124268, 21.663291931152344, 9.472206115722656, -9.102285385131836]
[33.833648681640625, 34.31167984008789, 14.529838562011719, -8.80507755279541, 1.8166019916534424, -24.49853515625, 33.62557601928711, 30.890602111816406, 7.842642784118652, -31.00572967529297, -19.277116775512695, -16.911958694458008, -3.5310206413269043, -7.577023029327393, 16.97698211669922, 27.865121841430664]
[21.54884147644043, 13.032583236694336, 20.89012336730957, 23.656152725219727, -30.983997344970703, -10.832487106323242, 12.053853988647461, 26.798357009887695, -9.976619720458984, 2.6593363285064697, 23.90800666809082, 2.298384666442871, -0.27613380551338196, 14.522472381591797, 19.407052993774414, -16.95242691040039]
[34.20649719238281, 8.982203483581543, 12.014490127563477, 7.452666282653809, -40.38569641113281, 2.6862125396728516, 28.346424102783203, 31.62141227722168, -2.4196643829345703, -13.79978084564209, 5.280738830566406, 8.168706893920898, -15.052840232849121, 17.646297454833984, 2.4636287689208984, -22.838123321533203]
[25.97848129272461, 15.294893264770508, 24.771156311035156, 28.44888687133789, -34.423465728759766, 5.007761001586914, 19.192956924438477, 24.11747932434082, -0.16221565008163452, -3.1618428230285645, 26.067638397216797, 4.685761451721191, -9.924484252929688, 18.21952247619629, 14.28992748260498, -22.471324920654297]
[21.66313934326172, 19.710710525512695, 21.91966438293457, 20.520050048828125, -22.51790428161621, -16.855487823486328, 22.485605239868164, 28.80345344543457, -5.052218914031982, -1.897111415863037, 26.662965774536133, -7.413931369781494, 5.519598007202148, 2.6015851497650146, 31.486225128173828, -13.473237991333008]
[30.56137466430664, 15.443744659423828, 21.395599365234375, 21.9454345703125, -33.358299255371094, -6.730018615722656, 27.770898818969727, 31.03660774230957, 10.625838279724121, -12.851007461547852, 27.43640899658203, 3.42958664894104, -0.923751711845398, -3.2269785404205322, 33.75543212890625, -19.666276931762695]
[28.559907913208008, 17.311996459960938, 20.09645652770996, 23.20638084411621, -31.26462745666504, -1.3329689502716064, 18.475133895874023, 29.69574546813965, 0.28211379051208496, -7.828934669494629, 20.200660705566406, 1.888464093208313, -6.513731956481934, 8.89015007019043, 26.995187759399414, -6.138242244720459]
[22.34377670288086, 21.468299865722656, 18.842334747314453, 20.792110443115234, -28.96271324157715, -1.9205763339996338, 20.37078094482422, 27.125919342041016, 1.504041314125061, -8.485492706298828, 21.458499908447266, -2.6492552757263184, -9.956145286560059, 3.371198892593384, 28.321645736694336, -11.397136688232422]
[29.66266441345215, 21.31365203857422, 15.55659008026123, 18.36865997314453, -33.543487548828125, 0.6198720932006836, 23.37057876586914, 34.711273193359375, -0.7311531901359558, -7.350412368774414, 17.315876007080078, -1.7079384326934814, -7.638268947601318, 6.288671016693115, 27.72564697265625, -3.985614061355591]
[28.54190444946289, 20.465669631958008, 16.428407669067383, 15.070712089538574, -34.06221389770508, -10.991438865661621, 23.929412841796875, 35.454383850097656, 0.49310171604156494, -9.158427238464355, 22.01980209350586, -7.5383524894714355, 4.079512119293213, 5.265087127685547, 26.41741943359375, -11.49797534942627]
[23.15134620666504, 11.755026817321777, 24.64345359802246, 17.98183822631836, -24.22802734375, -4.9373250007629395, 18.48914337158203, 27.941253662109375, -2.7163565158843994, -4.104689121246338, 17.615779876708984, 6.996561527252197, -4.191083908081055, 13.388798713684082, 23.96973991394043, -7.921666622161865]
[14.136869430541992, 16.928951263427734, 13.335002899169922, 24.989986419677734, -27.165056228637695, -6.437263488769531, 13.575003623962402, 17.75546646118164, -3.5630626678466797, -3.2087132930755615, 20.234148025512695, 5.085101127624512, -5.787792682647705, 20.446428298950195, 12.638370513916016, -23.818683624267578]
[21.263198852539062, 15.017391204833984, 24.015789031982422, 21.532180786132812, -26.87310218811035, -5.543159484863281, 16.587890625, 34.24130630493164, -4.123618125915527, -10.071666717529297, 20.661746978759766, 2.4140586853027344, -7.616976737976074, 8.547659873962402, 26.797954559326172, -10.697854995727539]
[25.476722717285156, 16.869613647460938, 25.066486358642578, 23.41644287109375, -29.75996208190918, -6.9352850914001465, 19.621896743774414, 30.118375778198242, 0.026751935482025146, -7.620943069458008, 22.58218002319336, 1.2580560445785522, -8.603528022766113, 7.953754425048828, 29.725561141967773, -7.540788173675537]
[27.44988441467285, 16.46521759033203, 21.75823402404785, 21.642915725708008, -31.19095802307129, -3.987131357192993, 26.608739852905273, 34.06308364868164, 3.9260783195495605, -11.373706817626953, 23.71552848815918, -0.17092826962471008, -4.299034118652344, -3.4888505935668945, 27.91009521484375, -14.459237098693848]
[23.368858337402344, 19.083560943603516, 15.182719230651855, 22.937149047851562, -31.25800132751465, -7.94424295425415, 16.846466064453125, 22.380035400390625, -3.8364992141723633, -8.880805015563965, 13.693122863769531, 3.055933952331543, -9.542881965637207, 9.1052885055542, 16.806631088256836, -8.048245429992676]
[19.08860206604004, 7.548661708831787, 12.731888771057129, 7.886116027832031, -27.561206817626953, -0.8249627947807312, 15.387155532836914, 34.17974853515625, 1.6477761268615723, -20.308996200561523, 6.758316993713379, 8.78582763671875, -6.216326713562012, 11.601491928100586, 21.915536880493164, 4.310290813446045]
[17.876741409301758, 13.520716667175293, 12.513707160949707, 22.951539993286133, -34.97188949584961, -9.424309730529785, 21.83930206298828, 29.92698097229004, 1.7462314367294312, -5.521990776062012, 19.866134643554688, 1.6412513256072998, 0.7005476951599121, 11.014636039733887, 21.209203720092773, -13.349411010742188]
[24.873512268066406, 14.887816429138184, 22.874914169311523, 25.78411865234375, -38.630035400390625, -5.233943462371826, 20.024389266967773, 24.08213996887207, -1.331517219543457, -3.7493417263031006, 22.19530487060547, 7.434500694274902, -1.4150558710098267, 14.529285430908203, 21.469722747802734, -12.27225112915039]
[25.6644287109375, 14.434931755065918, 20.481414794921875, 25.39872169494629, -33.10148239135742, -15.178887367248535, 24.91600799560547, 32.33376693725586, -4.1828131675720215, -5.532415390014648, 28.511192321777344, -1.9985253810882568, 0.8058769106864929, -0.31243520975112915, 30.487157821655273, -20.639616012573242]
[30.246042251586914, 18.616588592529297, 23.604686737060547, 24.1120548248291, -32.476776123046875, 3.1498942375183105, 23.92038917541504, 32.168968200683594, 8.13174819946289, -5.98020601272583, 24.367938995361328, 0.7796401977539062, -6.182145118713379, 4.941630840301514, 27.489086151123047, -13.526208877563477]
[30.246042251586914, 18.616588592529297, 23.604686737060547, 24.1120548248291, -32.476776123046875, 3.1498942375183105, 23.92038917541504, 32.168968200683594, 8.13174819946289, -5.98020601272583, 24.367938995361328, 0.7796401977539062, -6.182145118713379, 4.941630840301514, 27.489086151123047, -13.526208877563477]
[22.046789169311523, 15.601929664611816, 14.349562644958496, 23.843482971191406, -35.74509811401367, -8.650352478027344, 16.59170150756836, 25.931936264038086, 1.5203375816345215, -6.508995056152344, 21.553926467895508, 4.015680313110352, -1.8314533233642578, 16.787126541137695, 17.540706634521484, -21.555755615234375]
[16.313772201538086, 12.955973625183105, 17.333017349243164, 17.014278411865234, -20.08639907836914, -0.820419430732727, 10.612051010131836, 23.4021053314209, -2.433377265930176, -7.912553787231445, 18.030452728271484, 7.294938564300537, 1.449425220489502, 18.401243209838867, 24.948230743408203, -13.409134864807129]
[21.037981033325195, 15.156105041503906, 15.887985229492188, 18.099454879760742, -25.34421157836914, -7.2552876472473145, 16.177509307861328, 26.304853439331055, 3.2778725624084473, -14.416608810424805, 18.243316650390625, 4.354204177856445, -5.626901149749756, 8.696318626403809, 27.197772979736328, -10.990120887756348]
[17.094762802124023, 13.242884635925293, 18.238353729248047, 15.299670219421387, -16.954853057861328, -8.095600128173828, 7.0447258949279785, 29.99169158935547, -9.288636207580566, -1.8968850374221802, 14.20182991027832, 2.6913914680480957, -10.227376937866211, 20.849220275878906, 14.067705154418945, -2.86165714263916]
[21.94009780883789, 16.01386260986328, 18.34136390686035, 26.272424697875977, -32.39399337768555, 6.663135528564453, 13.344944953918457, 25.616174697875977, -0.451575368642807, -8.068668365478516, 19.820878982543945, 7.238985061645508, -2.3674697875976562, 13.716221809387207, 20.343053817749023, -3.789499282836914]
[22.93560791015625, 13.785929679870605, 15.182684898376465, 22.955976486206055, -34.20412063598633, -0.3709649443626404, 18.068601608276367, 34.14065933227539, 3.0782852172851562, -10.23751163482666, 15.470184326171875, 4.2530646324157715, -5.319661617279053, 14.40188980102539, 18.330869674682617, -8.650938987731934]
[18.91221046447754, 16.21497917175293, 12.286492347717285, 21.289417266845703, -26.291702270507812, -17.864439010620117, 11.320462226867676, 29.30974578857422, -4.451335906982422, -3.7727596759796143, 10.46768569946289, 5.419967174530029, -10.993538856506348, 11.701549530029297, 11.961790084838867, -13.363365173339844]
[23.991968154907227, 12.073664665222168, 25.43265724182129, 22.496498107910156, -23.542634963989258, -5.86783504486084, 14.428426742553711, 28.860326766967773, -9.074667930603027, -1.0611755847930908, 23.373258590698242, 4.9370574951171875, 0.48396551609039307, 23.657421112060547, 24.899200439453125, -14.803693771362305]
[14.410202026367188, 12.192160606384277, 15.266347885131836, 25.226789474487305, -27.65332794189453, 0.6564721465110779, 14.04529857635498, 26.495454788208008, 1.441176176071167, -7.682544708251953, 15.070209503173828, 5.482546806335449, -8.880528450012207, 16.17473793029785, 20.048837661743164, -15.236617088317871]
[23.713031768798828, 11.374174118041992, 22.204856872558594, 22.5635986328125, -28.793590545654297, -3.5435540676116943, 15.659504890441895, 21.30529022216797, -3.7009902000427246, -11.622515678405762, 18.46505355834961, 6.206962585449219, -4.972158908843994, 12.677906036376953, 26.30403709411621, -12.940008163452148]
[20.554901123046875, 16.720252990722656, 17.31090545654297, 18.119369506835938, -24.064685821533203, -5.959894180297852, 14.1973295211792, 21.16707420349121, -4.4387969970703125, -7.060805320739746, 17.751880645751953, 3.6915297508239746, -6.262296676635742, 13.840164184570312, 20.609357833862305, -10.579577445983887]
[25.037353515625, 14.957932472229004, 20.71725845336914, 20.9003849029541, -29.559667587280273, -2.3590798377990723, 21.17997169494629, 35.62668991088867, -2.8452556133270264, -12.677408218383789, 22.837936401367188, -2.111232280731201, -3.850419521331787, 2.520017623901367, 27.143007278442383, -11.677407264709473]
[28.026103973388672, 12.4098539352417, 22.624361038208008, 22.44374656677246, -29.971872329711914, -2.6902904510498047, 14.293169021606445, 31.034055709838867, -1.9300692081451416, -8.022096633911133, 22.167654037475586, 4.849255561828613, -0.7260338664054871, 9.874173164367676, 23.200931549072266, -14.832324028015137]
[17.056066513061523, 18.793155670166016, 15.282377243041992, 7.139309883117676, -18.344161987304688, -2.8809990882873535, 17.223628997802734, 23.824005126953125, 10.539595603942871, -11.60042953491211, 20.21799659729004, 4.592001914978027, 7.875036239624023, 13.42097282409668, 32.20991516113281, -9.773421287536621]
[23.166627883911133, 17.000368118286133, 17.08061981201172, 26.528369903564453, -34.389564514160156, -5.307730674743652, 24.005964279174805, 30.28002166748047, 1.2663332223892212, -10.007431030273438, 19.63140869140625, -1.6690342426300049, -2.7767832279205322, 1.7366573810577393, 23.532581329345703, -14.53178882598877]
[23.2078857421875, 16.943510055541992, 21.177913665771484, 22.406946182250977, -19.972061157226562, -7.733126163482666, 14.410125732421875, 32.04193878173828, -3.535520553588867, -6.011539459228516, 17.761564254760742, 2.653674840927124, -8.618205070495605, 9.792762756347656, 27.957258224487305, -7.497794151306152]
[21.880674362182617, 17.329179763793945, 18.24005126953125, 26.322181701660156, -30.88520622253418, -16.89164924621582, 17.528358459472656, 23.718687057495117, -13.391935348510742, -2.8519835472106934, 23.483701705932617, -0.29449886083602905, 1.7243809700012207, 10.901041984558105, 26.788433074951172, -19.48065948486328]
[19.94786834716797, 22.72974395751953, 12.678849220275879, 4.436666488647461, -6.490895748138428, -15.34494686126709, 16.0354061126709, 23.34249496459961, -1.6728929281234741, -12.138463973999023, 1.4507596492767334, 1.0630760192871094, -8.962910652160645, 15.354284286499023, 7.614612102508545, -1.958146095275879]
[30.419092178344727, 20.859865188598633, 24.969980239868164, 27.77083969116211, -28.108455657958984, -1.0038399696350098, 26.95998764038086, 33.57998275756836, -7.115866184234619, -2.897017002105713, 22.38234519958496, -10.558066368103027, -7.386809349060059, 4.0068135261535645, 25.35371208190918, -14.81343936920166]
[19.109506607055664, 11.351322174072266, 19.479623794555664, 29.88763999938965, -27.03826904296875, -13.578048706054688, 10.300342559814453, 23.016895294189453, -5.103844165802002, 5.98972749710083, 29.564956665039062, 5.229941368103027, -1.5508241653442383, 17.847824096679688, 26.203947067260742, -25.179197311401367]
[30.26239585876465, 15.23474407196045, 22.39949607849121, 23.709735870361328, -34.69150161743164, -6.51680326461792, 22.799739837646484, 35.67810821533203, -4.651553153991699, -10.566166877746582, 22.698617935180664, 1.2877118587493896, -3.749420642852783, 5.955075740814209, 26.614925384521484, -11.104498863220215]
[29.3874454498291, 18.26144790649414, 21.571659088134766, 24.380043029785156, -32.84113693237305, -5.851380825042725, 22.58426856994629, 29.111736297607422, -2.199814796447754, -2.2255825996398926, 23.713960647583008, -4.615851402282715, -5.874539375305176, 0.03473497927188873, 27.458269119262695, -18.50600242614746]
[16.244604110717773, 20.24627113342285, 15.992439270019531, 22.99375343322754, -25.939821243286133, -5.94769287109375, 8.156721115112305, 22.831403732299805, 0.9197940826416016, 0.24916395545005798, 26.55277442932129, -4.721607685089111, 6.569606781005859, 17.63979721069336, 13.870992660522461, -17.576608657836914]
[23.65464210510254, 13.484214782714844, 19.60423469543457, 18.747875213623047, -33.29835510253906, -3.0069663524627686, 19.350971221923828, 31.96064567565918, 7.361654281616211, -16.57365608215332, 16.25732421875, 0.03215748071670532, -0.9132778644561768, 6.278090953826904, 27.612714767456055, -12.407407760620117]
[31.519550323486328, 19.381641387939453, 24.26738166809082, 21.260604858398438, -35.242366790771484, -4.4802565574646, 27.529603958129883, 28.80678367614746, 6.511155605316162, -10.27382755279541, 25.17320442199707, -4.0742597579956055, -3.519955635070801, -0.09754401445388794, 32.216796875, -18.06531524658203]
[23.250572204589844, 15.005388259887695, 15.764579772949219, 19.54501724243164, -33.226871490478516, -3.2884204387664795, 22.772518157958984, 34.344905853271484, -0.18648064136505127, -11.000934600830078, 15.872761726379395, 1.966659426689148, -9.690235137939453, 8.911418914794922, 25.009035110473633, -9.114694595336914]
[32.756072998046875, 14.257448196411133, 23.7750301361084, 17.819042205810547, -31.07268524169922, 0.43455326557159424, 16.52849006652832, 25.69219970703125, -3.504067897796631, -9.85447883605957, 16.56138801574707, 3.964350700378418, -1.2325133085250854, 9.463569641113281, 18.24886131286621, -9.722640991210938]
[27.41543960571289, 21.34928321838379, 19.044597625732422, 19.456342697143555, -28.046539306640625, -13.941211700439453, 18.906890869140625, 17.130563735961914, -8.268383026123047, 4.6573920249938965, 20.724536895751953, -4.681406021118164, -3.4930968284606934, 12.689495086669922, 14.501992225646973, -18.371355056762695]
[25.84197235107422, 14.397126197814941, 18.209461212158203, 24.04576873779297, -34.626712799072266, -13.373475074768066, 22.475732803344727, 30.8066349029541, -4.794358730316162, -3.5812790393829346, 25.34388542175293, -0.6907594203948975, -0.9628914594650269, 6.295658588409424, 28.795860290527344, -19.682294845581055]
[27.90138053894043, 13.918326377868652, 26.255714416503906, 20.359954833984375, -34.1716194152832, -1.8142011165618896, 27.452434539794922, 32.94516372680664, 2.645758867263794, -15.476951599121094, 21.640552520751953, -0.8733469247817993, -5.385357856750488, 2.469025135040283, 30.503063201904297, -12.346617698669434]
[20.3456974029541, 18.603116989135742, 20.786008834838867, 19.593151092529297, -26.50723648071289, 0.062479838728904724, 16.692045211791992, 24.98625946044922, -0.21627619862556458, -7.776057243347168, 20.022920608520508, 1.088907241821289, -0.20889022946357727, 15.313088417053223, 23.323854446411133, -8.308999061584473]
[25.086421966552734, 14.98240852355957, 19.127479553222656, 19.57183837890625, -31.26836395263672, -3.1411516666412354, 18.614789962768555, 24.453588485717773, 4.924090385437012, -12.589646339416504, 15.738561630249023, 3.5721468925476074, -1.7439286708831787, 6.765419960021973, 20.978748321533203, -12.144027709960938]
[22.339038848876953, 16.69940948486328, 20.928552627563477, 15.479697227478027, -29.57595443725586, -11.737581253051758, 18.692502975463867, 25.806711196899414, -4.869264125823975, -3.3371195793151855, 18.402679443359375, -1.4744696617126465, 4.663016319274902, 19.01947021484375, 14.420701026916504, -6.842981815338135]
[3.2396786212921143, 12.544120788574219, -0.010660707950592041, 25.61359214782715, -32.239646911621094, -7.264287948608398, 3.2133946418762207, 15.954366683959961, -2.800266742706299, -3.6555800437927246, 12.926874160766602, 11.5122652053833, -8.854338645935059, 26.571725845336914, 10.500232696533203, -16.131643295288086]
[27.95498275756836, 17.199504852294922, 18.720561981201172, 14.348674774169922, -33.096492767333984, -4.100409507751465, 26.671459197998047, 37.5311279296875, 11.238892555236816, -15.755288124084473, 17.699872970581055, -1.8302438259124756, -6.561176300048828, 5.936215877532959, 22.63850975036621, -11.908968925476074]
[30.024198532104492, 14.400952339172363, 20.62792205810547, 19.120086669921875, -32.28013229370117, 2.1912014484405518, 19.243505477905273, 35.694454193115234, 0.3844847083091736, -13.406048774719238, 15.420004844665527, 1.60993492603302, -9.726333618164062, 8.330981254577637, 25.008907318115234, -3.98481822013855]
[32.36266326904297, 16.655132293701172, 19.36023712158203, 12.72562026977539, -34.097084045410156, -12.564736366271973, 23.82238006591797, 32.610355377197266, 1.2470066547393799, -7.163919448852539, 21.96385383605957, 2.1240196228027344, 2.229154348373413, 10.384053230285645, 24.372465133666992, -9.638293266296387]
[29.586223602294922, 17.323692321777344, 23.268409729003906, 20.10807228088379, -31.445249557495117, -3.841270923614502, 23.012544631958008, 31.624778747558594, 3.4607765674591064, -10.32589054107666, 23.622758865356445, -1.4137067794799805, -8.210500717163086, 0.7427191138267517, 31.19025230407715, -14.885512351989746]
[21.819686889648438, 11.479281425476074, 16.289047241210938, 22.03877067565918, -35.05836868286133, -1.3655474185943604, 13.41664981842041, 23.131885528564453, -3.181960105895996, -11.34733772277832, 19.181381225585938, 6.532079219818115, -10.680744171142578, 10.175459861755371, 21.81134605407715, -13.260122299194336]
[24.18189239501953, 22.52890396118164, 16.62358856201172, 20.981552124023438, -26.83665657043457, -2.815735340118408, 21.218265533447266, 29.86798667907715, -2.5169711112976074, -2.9280786514282227, 17.74016571044922, -2.3926053047180176, -11.514751434326172, 6.291933059692383, 27.867807388305664, -7.391082286834717]
[25.29918670654297, 23.466806411743164, 21.13787841796875, 22.539701461791992, -30.203304290771484, -2.7432918548583984, 27.30634117126465, 31.099637985229492, -5.744429111480713, -1.3678768873214722, 23.064010620117188, -6.2259416580200195, -12.224589347839355, -0.17431126534938812, 31.878015518188477, -11.536622047424316]
[23.999286651611328, 18.057506561279297, 23.80629539489746, 22.29770851135254, -27.29962921142578, -0.7900718450546265, 18.206296920776367, 31.009300231933594, 1.6848187446594238, -10.227192878723145, 23.070037841796875, 3.733790636062622, -9.044672966003418, 7.096071720123291, 26.43855857849121, -7.375499725341797]
[29.328737258911133, 11.501925468444824, 21.26325798034668, 15.07950496673584, -26.623952865600586, 0.4760729968547821, 22.59004020690918, 33.62504196166992, 5.437364101409912, -16.019502639770508, 9.635583877563477, 5.478091239929199, -2.3149847984313965, 16.94883918762207, 9.6751708984375, -7.870568752288818]
[19.842021942138672, 16.3880558013916, 21.062379837036133, 22.101762771606445, -26.397241592407227, -6.079971790313721, 16.497772216796875, 30.43383026123047, -3.8690853118896484, -9.273425102233887, 19.13718605041504, 0.8001710176467896, -8.942773818969727, 9.262868881225586, 25.985498428344727, -4.791720867156982]
[25.125547409057617, 17.169597625732422, 17.275089263916016, 26.0245361328125, -28.501230239868164, 1.9591526985168457, 11.418892860412598, 29.394996643066406, 1.575995683670044, -8.09875202178955, 21.396221160888672, 4.956189155578613, -8.855842590332031, 11.19820785522461, 28.36784553527832, -12.116595268249512]
[16.321731567382812, 9.347478866577148, 12.530646324157715, 24.883075714111328, -33.89295196533203, -5.9467010498046875, 16.889619827270508, 26.422550201416016, -1.2184057235717773, -3.1039013862609863, 19.63552474975586, 5.275074481964111, -1.545982837677002, 21.99947738647461, 12.623828887939453, -16.165756225585938]
[11.204425811767578, 17.06538200378418, 8.978828430175781, 19.534746170043945, -26.496673583984375, -13.271384239196777, 13.53791332244873, 10.251130104064941, -5.795684337615967, 0.3024355471134186, 21.914695739746094, -0.5612747669219971, -0.9766720533370972, 21.73797035217285, 6.776334285736084, -24.539854049682617]
[19.99117660522461, 15.152275085449219, 21.518993377685547, 22.61747932434082, -24.839031219482422, -3.532057523727417, 19.32478904724121, 32.53133010864258, 4.6873321533203125, -15.284873962402344, 16.684268951416016, 0.08898305892944336, -4.449752330780029, -0.6850621700286865, 30.579753875732422, -6.13951301574707]
[28.97894287109375, 16.423450469970703, 18.872941970825195, 17.195362091064453, -31.88898468017578, -6.623152732849121, 24.02489471435547, 30.256118774414062, 7.68810510635376, -9.279966354370117, 22.2380313873291, 4.353826522827148, -3.1820809841156006, 7.8420090675354, 24.940141677856445, -9.28490161895752]
[23.38538360595703, 9.647271156311035, 13.811256408691406, 14.779655456542969, -31.658159255981445, -6.726611614227295, 26.421016693115234, 35.481346130371094, 1.5194945335388184, -17.573530197143555, 18.31659698486328, 1.7890971899032593, -1.764805793762207, 4.431502342224121, 31.186107635498047, -10.184736251831055]
[29.679977416992188, 19.98826026916504, 24.87786293029785, 14.882817268371582, -27.045368194580078, -1.7862980365753174, 23.850723266601562, 30.06791877746582, 0.834640622138977, -12.684890747070312, 17.400110244750977, -1.652948260307312, -1.8351597785949707, -1.2406437397003174, 28.28904151916504, -1.9171721935272217]
[8.660293579101562, 18.13612937927246, 7.017549991607666, 18.091835021972656, -23.189123153686523, -9.253961563110352, 11.39569091796875, 20.98514747619629, -9.267921447753906, -7.619097709655762, 10.90300178527832, -2.2678494453430176, -5.083617687225342, 17.94809341430664, 8.320450782775879, -10.260379791259766]
[10.599682807922363, 11.749147415161133, 12.488934516906738, 17.35881805419922, -22.880054473876953, -12.747916221618652, 11.726329803466797, 30.676544189453125, -9.62922191619873, -9.153999328613281, 12.388833999633789, 0.7030034065246582, 2.0098166465759277, 14.131047248840332, 20.13053321838379, -4.478147983551025]
[18.565610885620117, 14.482025146484375, 10.966202735900879, 16.394065856933594, -27.93354034423828, -3.360283613204956, 9.340226173400879, 30.116918563842773, -3.3458259105682373, -9.666132926940918, 10.141879081726074, 9.658162117004395, -14.486932754516602, 19.427663803100586, 9.861903190612793, -4.711850643157959]
[17.50157928466797, 13.1537446975708, 16.30990982055664, 25.064495086669922, -33.05938720703125, -9.95817756652832, 17.196306228637695, 26.36736488342285, 1.2429112195968628, -3.942941904067993, 27.777963638305664, 1.1460034847259521, 3.39772891998291, 16.43746566772461, 12.735635757446289, -29.1357421875]
[23.058015823364258, 14.07003116607666, 23.60275650024414, 26.9102783203125, -27.608442306518555, -11.067622184753418, 23.32560920715332, 34.89170455932617, -8.478137016296387, -2.9084300994873047, 27.255229949951172, 0.3658306300640106, -7.665072917938232, 8.275345802307129, 31.423099517822266, -19.987245559692383]
[27.54951286315918, 13.585088729858398, 15.247056007385254, 16.859596252441406, -34.938045501708984, -12.416938781738281, 21.141483306884766, 28.706098556518555, -5.85904598236084, -1.1131603717803955, 22.195568084716797, 3.52272891998291, -3.1250557899475098, 14.852401733398438, 15.180996894836426, -22.15962791442871]
[23.60050392150879, 25.10517692565918, 11.873489379882812, -4.8040313720703125, -10.358656883239746, -22.230924606323242, 27.36851692199707, 22.664260864257812, -1.6239322423934937, -17.49510383605957, 0.47135281562805176, -7.344266414642334, 2.4593563079833984, 9.74685001373291, 9.948209762573242, -0.5948208570480347]
[20.19583511352539, 16.095401763916016, 22.100719451904297, 24.859760284423828, -22.61174964904785, -10.521916389465332, 18.00654411315918, 27.273059844970703, -12.902166366577148, -3.045480489730835, 20.262014389038086, -1.9453790187835693, -0.984835147857666, 16.217063903808594, 16.945144653320312, -17.87093734741211]
[22.56461524963379, 15.322022438049316, 17.63973045349121, 20.944149017333984, -26.199140548706055, 2.3590433597564697, 18.86199951171875, 30.55294418334961, -1.1249538660049438, -7.608788013458252, 19.25323486328125, 3.6656787395477295, -6.153156280517578, 18.101537704467773, 18.717546463012695, -17.406042098999023]
[22.875051498413086, 17.28534698486328, 21.189346313476562, 18.158586502075195, -25.731063842773438, 5.204118728637695, 16.380937576293945, 29.43602180480957, 5.905915260314941, -4.908998012542725, 21.9517822265625, -0.4277326464653015, -11.169600486755371, 17.0041446685791, 25.820188522338867, -14.263948440551758]
[26.535764694213867, 17.867380142211914, 21.25271224975586, 20.084333419799805, -29.735206604003906, -2.698505401611328, 24.94961166381836, 32.583412170410156, 5.945485591888428, -7.94385290145874, 24.800777435302734, 1.4201933145523071, -2.8267791271209717, 4.031198978424072, 33.64531326293945, -13.645182609558105]
[14.295702934265137, 22.440284729003906, 10.899765014648438, 24.21579933166504, -25.473106384277344, -0.18247389793395996, 15.088351249694824, 25.713945388793945, -2.9855663776397705, -6.60930061340332, 16.219993591308594, 2.484830856323242, -11.530342102050781, 9.364168167114258, 26.12217140197754, -4.357180595397949]
[29.29375457763672, 18.400218963623047, 23.81890106201172, 26.185749053955078, -31.37932586669922, -3.5475189685821533, 25.28115463256836, 30.53424072265625, 5.243268966674805, -7.363558292388916, 29.417837142944336, -3.1743626594543457, -0.2562180161476135, 0.30559587478637695, 32.01372146606445, -18.927791595458984]
[22.640722274780273, 21.79338836669922, 18.603046417236328, 19.06491470336914, -25.050630569458008, -6.181272983551025, 21.43146324157715, 24.260841369628906, 4.120569229125977, -5.415687561035156, 26.553136825561523, -5.5988945960998535, 1.22322678565979, 5.273757457733154, 30.20574188232422, -18.807540893554688]
[24.07036781311035, 20.079790115356445, 16.794919967651367, 25.616178512573242, -31.881086349487305, 1.735276460647583, 15.772929191589355, 25.620952606201172, 3.0202159881591797, -8.872894287109375, 23.562124252319336, 4.5560197830200195, -7.537912368774414, 9.560312271118164, 26.586021423339844, -16.930824279785156]
[15.484919548034668, 20.972858428955078, 15.008721351623535, 23.29255485534668, -22.905134201049805, -16.152921676635742, 19.88208770751953, 22.11967658996582, -2.9502625465393066, 0.4964051842689514, 20.19084930419922, -0.7859951257705688, -1.1504161357879639, 10.996923446655273, 23.11675262451172, -11.564143180847168]
[32.27405548095703, 19.06308364868164, 18.91358184814453, 20.36497688293457, -31.999387741088867, -10.811203956604004, 26.634960174560547, 30.078338623046875, 5.807368755340576, -5.937288761138916, 29.75417137145996, 2.982471466064453, 1.4462649822235107, 1.6905899047851562, 27.1001033782959, -13.916313171386719]
[20.439180374145508, 14.038888931274414, 13.041762351989746, 19.003925323486328, -29.38848114013672, -13.015852928161621, 20.445476531982422, 27.493553161621094, -3.1928842067718506, -1.303237795829773, 22.9195499420166, 0.3631986975669861, -1.7733811140060425, 12.515634536743164, 23.355213165283203, -21.892070770263672]
[15.599822998046875, 15.291742324829102, 16.673032760620117, 22.489248275756836, -25.252593994140625, -9.964932441711426, 19.130088806152344, 23.37735366821289, -3.9367361068725586, -4.022858619689941, 24.020614624023438, -0.5560172200202942, -1.1601653099060059, 15.396771430969238, 17.846012115478516, -21.700885772705078]
[24.73593521118164, 9.848727226257324, 23.53034019470215, 19.585968017578125, -27.794559478759766, 2.3596959114074707, 12.130358695983887, 27.941104888916016, -7.7424421310424805, -2.269754409790039, 17.811445236206055, 5.618400573730469, -5.644126892089844, 28.206880569458008, 7.256882667541504, -17.716367721557617]
[16.046295166015625, 17.7039794921875, 8.406490325927734, 16.269973754882812, -29.260526657104492, -9.696756362915039, 11.445333480834961, 13.64815902709961, -0.2837539613246918, -4.269803047180176, 11.790987968444824, 2.230818271636963, -4.855443477630615, 18.119882583618164, 8.686253547668457, -16.0430965423584]
[14.695199966430664, 17.023649215698242, 12.972043991088867, 16.437471389770508, -20.236650466918945, -19.304521560668945, 16.842830657958984, 21.722728729248047, -4.807088851928711, 2.8979272842407227, 15.722916603088379, 0.5056542158126831, -1.8113064765930176, 19.296735763549805, 16.537477493286133, -12.998350143432617]
[19.131750106811523, 19.680776596069336, 15.771137237548828, 14.88827896118164, -18.951610565185547, -19.649917602539062, 18.736814498901367, 21.895000457763672, -4.120579242706299, -0.5470061898231506, 14.178295135498047, -0.7384357452392578, -2.3881261348724365, 17.50058364868164, 16.13881492614746, -9.77782154083252]
[32.234153747558594, 25.521276473999023, 21.110078811645508, -1.4782748222351074, -11.062338829040527, -14.835659980773926, 24.755495071411133, 32.79436111450195, -3.286520481109619, -21.240049362182617, -3.202298641204834, -12.743852615356445, -3.831234931945801, 4.524771213531494, 10.897075653076172, 4.240085124969482]
[22.466176986694336, 14.396817207336426, 17.844219207763672, 14.453620910644531, -27.939315795898438, 0.8016718029975891, 18.839277267456055, 25.918413162231445, 4.545530319213867, -10.796813011169434, 16.572908401489258, 4.244482040405273, -7.884421348571777, 6.661825656890869, 27.783145904541016, -5.034254550933838]
[20.35899543762207, 12.461394309997559, 14.035844802856445, 19.333175659179688, -29.434246063232422, -8.290410041809082, 17.454221725463867, 21.855310440063477, 1.2409393787384033, -5.461795806884766, 20.18552017211914, 7.498050212860107, -5.328734874725342, 19.282943725585938, 18.20281219482422, -20.44998550415039]
[20.75188636779785, 11.243024826049805, 15.660730361938477, 2.789602518081665, -22.73469352722168, -9.86215591430664, 21.72320556640625, 33.302589416503906, 8.935237884521484, -26.601781845092773, 12.111885070800781, 1.9826438426971436, 2.5602335929870605, 7.1777849197387695, 28.63981819152832, -6.446810245513916]
[29.817407608032227, 17.760883331298828, 21.5887393951416, 24.204904556274414, -32.45503616333008, -4.413802146911621, 26.755573272705078, 33.424644470214844, 0.4869133234024048, -10.836284637451172, 24.861783981323242, -2.523054599761963, -2.830409049987793, 2.214282751083374, 26.04979133605957, -14.471976280212402]
[25.9079532623291, 14.08845329284668, 25.82964324951172, 25.02265167236328, -28.457439422607422, 2.958220958709717, 20.047836303710938, 35.00792694091797, 5.847206115722656, -6.2351789474487305, 30.706531524658203, -1.7860311269760132, -7.319809436798096, 11.705195426940918, 24.527103424072266, -20.973133087158203]
[24.080129623413086, 15.32540225982666, 21.639753341674805, 20.707557678222656, -29.007402420043945, -3.271883487701416, 21.749744415283203, 32.423095703125, 7.749505519866943, -13.752373695373535, 26.953184127807617, 3.240151882171631, -2.9848432540893555, 3.759761095046997, 31.445335388183594, -18.291213989257812]
[31.675016403198242, 19.869035720825195, 20.331140518188477, 23.11054801940918, -34.21913528442383, -6.8621015548706055, 28.520360946655273, 31.895782470703125, 1.139853596687317, -4.315128326416016, 26.2128849029541, -4.505895137786865, 4.186643600463867, 6.8145856857299805, 25.81686019897461, -17.703996658325195]
[13.516115188598633, 12.450472831726074, 11.500341415405273, 14.887263298034668, -17.191360473632812, -16.17993927001953, 8.410910606384277, 25.007875442504883, -0.9641306400299072, -11.385600090026855, 10.612289428710938, 7.304458141326904, -5.072357177734375, 16.212366104125977, 19.448423385620117, -10.181825637817383]
[26.5391845703125, 17.568065643310547, 22.652694702148438, 19.159971237182617, -27.57636833190918, -0.7122839093208313, 20.002565383911133, 27.7479248046875, -0.06103605031967163, -11.24446964263916, 20.227018356323242, 0.16631396114826202, -7.269284725189209, 8.009531021118164, 24.10565757751465, -13.925189971923828]
[23.905378341674805, 17.948209762573242, 17.801025390625, 25.507972717285156, -33.00566864013672, 5.044964790344238, 19.795639038085938, 28.051128387451172, 14.871307373046875, -16.647722244262695, 28.944374084472656, 2.359820604324341, -8.517135620117188, -2.0952937602996826, 26.379152297973633, -17.90131950378418]
[28.31654930114746, 16.63636016845703, 19.023944854736328, 18.70636749267578, -33.98416519165039, -0.08300721645355225, 19.636552810668945, 32.47334671020508, -3.6926066875457764, -10.103031158447266, 17.290645599365234, 1.7126929759979248, -9.700545310974121, 6.432719707489014, 27.096637725830078, -6.491569519042969]
[30.042879104614258, 18.240859985351562, 17.156160354614258, 18.364425659179688, -33.54167175292969, -0.49186971783638, 21.960580825805664, 34.848121643066406, 4.741915702819824, -10.274975776672363, 22.833738327026367, -0.24868625402450562, -7.1693549156188965, 5.833281517028809, 28.733251571655273, -13.288756370544434]
[27.873722076416016, 10.80744457244873, 25.773527145385742, 20.822542190551758, -31.9415225982666, -13.127420425415039, 19.521156311035156, 28.454038619995117, -1.456585168838501, 1.2913628816604614, 22.733686447143555, 2.9885716438293457, -0.9991426467895508, 15.637803077697754, 15.143692016601562, -17.61037826538086]
[4.971682071685791, 12.974334716796875, 5.6367106437683105, 12.341111183166504, -29.258020401000977, -13.95156478881836, 14.356697082519531, 18.815954208374023, -1.5466958284378052, -5.51433801651001, 9.573708534240723, 1.5704251527786255, 4.946112155914307, 20.900590896606445, 11.153014183044434, -15.77777099609375]
[9.647462844848633, 16.73731231689453, 7.836263179779053, 18.990854263305664, -29.758163452148438, -13.97864818572998, 14.970284461975098, 22.21237564086914, -5.719637393951416, -5.816563606262207, 11.097278594970703, 2.766897201538086, -0.4402541518211365, 10.241049766540527, 14.305207252502441, -7.6634602546691895]
[14.739952087402344, 15.600252151489258, 20.017215728759766, 34.90665054321289, -32.414520263671875, -3.947939157485962, 13.775161743164062, 24.122419357299805, -1.7605352401733398, -0.29825568199157715, 18.629003524780273, 3.2338123321533203, -9.201117515563965, 13.366211891174316, 20.819522857666016, -15.77323055267334]
[20.6352481842041, 15.562119483947754, 21.300338745117188, 23.583005905151367, -26.758663177490234, -0.840368390083313, 19.17002296447754, 26.85488510131836, 4.055392742156982, -2.609910249710083, 22.834733963012695, 4.033300876617432, -7.936176300048828, 15.470609664916992, 27.08620834350586, -14.534608840942383]
[10.831427574157715, 15.376181602478027, 10.62861442565918, 19.564647674560547, -21.003427505493164, -3.0462393760681152, 0.7569721341133118, 24.165607452392578, -2.924271583557129, -14.132840156555176, 12.3235445022583, 13.89996337890625, -5.313938140869141, 21.41071128845215, 12.401167869567871, -0.5411412119865417]
[26.972137451171875, 19.487815856933594, 23.243871688842773, 23.156339645385742, -28.218599319458008, -2.570026397705078, 20.965242385864258, 32.24919509887695, 3.733771562576294, -11.476953506469727, 22.93807601928711, -0.43633562326431274, -7.060678482055664, 1.1390318870544434, 29.308496475219727, -14.88461685180664]
[19.649330139160156, 13.285472869873047, 11.40526294708252, 14.301856994628906, -25.71807861328125, -21.87935447692871, 22.04811668395996, 27.68345832824707, -7.0836873054504395, 0.5228814482688904, 20.80731773376465, -3.425692319869995, 8.1055908203125, 7.2999467849731445, 27.1475887298584, -15.577722549438477]
[23.53362274169922, 19.01408576965332, 17.14185333251953, 17.1601505279541, -23.466625213623047, -10.318255424499512, 17.689563751220703, 26.874826431274414, -3.6331496238708496, -7.206752777099609, 17.6944580078125, 2.144846200942993, -6.167842388153076, 12.699997901916504, 21.028457641601562, -5.475289821624756]
[27.431148529052734, 19.934659957885742, 16.98648452758789, 13.09570598602295, -22.7097110748291, -2.3459885120391846, 19.557655334472656, 27.997520446777344, 6.832685470581055, -11.887811660766602, 21.379459381103516, 2.1280317306518555, -2.9953863620758057, 7.048087120056152, 33.774662017822266, -4.933670997619629]
[22.471046447753906, 15.756298065185547, 18.693246841430664, 12.651850700378418, -28.433820724487305, -2.6883633136749268, 15.32247543334961, 27.984233856201172, 3.494363307952881, -8.074286460876465, 18.654190063476562, 2.3543150424957275, -13.256170272827148, 12.968223571777344, 22.740497589111328, -17.6065673828125]
[19.450973510742188, 20.184171676635742, 9.87724781036377, -9.197223663330078, -8.841970443725586, -18.925861358642578, 17.567760467529297, 22.576000213623047, -3.2290196418762207, -20.533416748046875, -0.755507230758667, 0.0789535641670227, 0.838474452495575, 9.26863956451416, 9.166025161743164, 5.309778213500977]
[21.87497329711914, 16.02505874633789, 16.766042709350586, 23.794845581054688, -21.34773063659668, -6.694459438323975, 16.064298629760742, 32.12268829345703, -3.1992175579071045, -10.490631103515625, 15.776772499084473, 2.118277072906494, -2.3905203342437744, 16.35867691040039, 24.600610733032227, -7.4422993659973145]
[20.796886444091797, 14.903660774230957, 17.37055206298828, 23.319021224975586, -32.477935791015625, 1.8491907119750977, 13.922165870666504, 27.305416107177734, -0.35547590255737305, -5.218475341796875, 22.33542823791504, 5.962998390197754, -7.667081356048584, 15.887578964233398, 20.399200439453125, -15.647579193115234]
[27.75511932373047, 12.211669921875, 17.286888122558594, 21.290048599243164, -30.59695053100586, -3.1983442306518555, 21.427474975585938, 39.2362174987793, 7.899112224578857, -19.03877830505371, 14.980561256408691, 7.6532511711120605, -12.758291244506836, 3.3772971630096436, 26.575969696044922, -7.6434006690979]
[22.127830505371094, 12.121420860290527, 22.33024024963379, 21.739891052246094, -28.080591201782227, -10.349989891052246, 20.379552841186523, 28.745994567871094, -4.2073750495910645, 3.393951654434204, 25.768266677856445, 3.3704538345336914, 0.245451420545578, 21.573444366455078, 17.425277709960938, -19.388051986694336]
[17.25128936767578, 12.787524223327637, 19.13478660583496, 18.478788375854492, -21.836589813232422, -6.647348403930664, 4.7666730880737305, 32.583003997802734, -4.764729976654053, 1.1145786046981812, 19.13060188293457, 4.465053081512451, 1.8585703372955322, 18.41912269592285, 26.392724990844727, 0.2575155198574066]
[20.45081901550293, 17.661205291748047, 14.76223087310791, 15.795016288757324, -24.62629508972168, -13.243794441223145, 21.804365158081055, 26.446075439453125, -6.053142547607422, -6.280893325805664, 13.092525482177734, 2.2463200092315674, -0.8849925994873047, 16.97446060180664, 24.584007263183594, -7.571276664733887]
[20.231386184692383, 9.945306777954102, 15.359389305114746, 28.51578712463379, -33.93760299682617, -1.2633907794952393, 11.947157859802246, 23.921056747436523, -0.4506422281265259, 4.558574676513672, 26.264387130737305, 10.61517333984375, -10.624527931213379, 23.563276290893555, 9.543021202087402, -22.789499282836914]
[31.698375701904297, 15.248936653137207, 21.247953414916992, 21.397178649902344, -36.5880241394043, -7.27509880065918, 26.376628875732422, 37.859901428222656, -2.90523362159729, -10.28773307800293, 21.151506423950195, -2.6544642448425293, -4.532853126525879, 5.614247798919678, 22.84922981262207, -13.27659797668457]
[20.214298248291016, 12.136241912841797, 16.110244750976562, 24.720996856689453, -26.326082229614258, -1.0912399291992188, 10.12468147277832, 23.847972869873047, -4.120349407196045, 0.9058459401130676, 23.081409454345703, 6.218601226806641, 1.0305579900741577, 20.480772018432617, 21.257740020751953, -17.523181915283203]
[21.169279098510742, 13.238180160522461, 5.826024055480957, 26.380720138549805, -36.54095458984375, -16.879871368408203, 14.411078453063965, 19.858503341674805, -3.7171146869659424, 0.3303455710411072, 20.942426681518555, 8.919038772583008, -5.383175373077393, 11.645461082458496, 10.715010643005371, -25.023887634277344]
[18.433744430541992, 10.481666564941406, 15.779672622680664, 25.301544189453125, -30.547531127929688, -10.01421070098877, 16.8302001953125, 25.915681838989258, -9.36054801940918, 0.4371761977672577, 21.379680633544922, 4.532192707061768, -2.0331292152404785, 18.516971588134766, 13.8680419921875, -18.366798400878906]
[20.31272315979004, 10.340568542480469, 22.065515518188477, 25.306026458740234, -25.915212631225586, -9.610095977783203, 15.91633415222168, 28.358957290649414, -2.0974693298339844, 4.4650559425354, 27.731019973754883, 8.030593872070312, -2.583733558654785, 20.162443161010742, 26.116596221923828, -21.693603515625]
[27.7939453125, 13.034942626953125, 23.153398513793945, 27.19408416748047, -30.751628875732422, -2.310084581375122, 21.626972198486328, 31.157222747802734, -0.6453680992126465, -5.230208396911621, 24.75713539123535, 4.797067165374756, -12.043229103088379, 6.603472709655762, 28.099262237548828, -16.720787048339844]
[30.980937957763672, 18.1893310546875, 21.74401092529297, 17.107851028442383, -36.736907958984375, -5.683062553405762, 30.111738204956055, 38.47601318359375, 7.60561990737915, -14.330574989318848, 23.504802703857422, -5.016277313232422, -6.753044605255127, -5.556870460510254, 31.765501022338867, -13.704634666442871]
[25.744312286376953, 9.85905647277832, 21.25092315673828, 16.050378799438477, -25.05072593688965, -14.227340698242188, 15.366663932800293, 29.123764038085938, -0.48259156942367554, -7.304035186767578, 15.292805671691895, 8.957776069641113, -5.164913177490234, 10.627985000610352, 16.452733993530273, -7.123270511627197]
[11.39660358428955, 15.581477165222168, 11.48488998413086, 17.396657943725586, -22.867332458496094, -13.196285247802734, 12.081597328186035, 16.275428771972656, -4.053826332092285, 1.7979813814163208, 21.65121841430664, 2.33232045173645, -7.382070064544678, 24.97355842590332, 2.8613474369049072, -25.923112869262695]
[9.990860939025879, 15.76280403137207, 8.37633228302002, 14.259222030639648, -24.016950607299805, -16.744365692138672, 11.22486400604248, 13.347343444824219, 2.3166112899780273, 0.7489224672317505, 17.585723876953125, 5.400317668914795, -1.3518959283828735, 23.270498275756836, 7.005387306213379, -23.13446807861328]
[19.28838348388672, 15.318730354309082, 23.278627395629883, 26.94680404663086, -24.772705078125, -10.13408088684082, 14.153090476989746, 26.32440948486328, -7.216214656829834, 1.675437092781067, 29.597835540771484, -3.1313107013702393, -1.1239755153656006, 17.215852737426758, 27.58808135986328, -20.329111099243164]
[24.530826568603516, 19.0992374420166, 22.507080078125, 21.6328125, -23.450515747070312, -9.7808837890625, 20.387964248657227, 32.03123092651367, -6.0886335372924805, -10.121211051940918, 23.260417938232422, -5.198483943939209, -6.69562292098999, 4.99794864654541, 26.633045196533203, -8.62618637084961]
[16.421987533569336, 15.262727737426758, 17.967670440673828, 27.159320831298828, -34.09700393676758, -9.210860252380371, 17.588911056518555, 15.63245964050293, -2.9620304107666016, 6.210402488708496, 26.805614471435547, 3.471421480178833, 1.247153639793396, 20.421049118041992, 11.124934196472168, -23.637006759643555]
[24.05423927307129, 14.292529106140137, 19.528432846069336, 31.503637313842773, -34.587886810302734, 1.1008424758911133, 12.254549026489258, 23.631763458251953, 4.644476890563965, -0.07411777973175049, 28.151653289794922, 10.381327629089355, -8.364109992980957, 22.80215072631836, 14.29152774810791, -26.704633712768555]
[18.848560333251953, 15.166685104370117, 17.150012969970703, 20.229618072509766, -24.605985641479492, -9.812211990356445, 14.247748374938965, 35.204830169677734, -12.212484359741211, -5.637937068939209, 23.641653060913086, -0.35480159521102905, -9.755595207214355, 14.432909965515137, 27.249740600585938, -12.826087951660156]
[28.522266387939453, 15.481156349182129, 16.206008911132812, 16.263256072998047, -34.54278564453125, 2.666377544403076, 18.955154418945312, 30.856792449951172, 0.14941027760505676, -12.320712089538574, 14.745437622070312, 3.727590322494507, -7.516358852386475, 7.608193397521973, 21.280872344970703, -4.129349231719971]
[25.299190521240234, 13.104232788085938, 17.20844268798828, 27.615612030029297, -36.023563385009766, -0.6976507902145386, 22.318239212036133, 32.1208610534668, 4.560265064239502, -9.038108825683594, 23.12766456604004, 2.6491339206695557, -6.864633083343506, 10.096921920776367, 19.93950653076172, -22.6485652923584]
[31.844858169555664, 19.28139877319336, 24.541316986083984, 22.494028091430664, -31.771955490112305, 0.5850622653961182, 21.212059020996094, 34.504844665527344, -0.8193671703338623, -9.303184509277344, 21.54226303100586, 1.6894352436065674, -9.075554847717285, 4.7742791175842285, 30.79348373413086, -3.7728540897369385]
[19.02936363220215, 8.355559349060059, 9.067352294921875, 11.849034309387207, -30.724580764770508, -16.75429344177246, 16.33100128173828, 23.804824829101562, -5.872229099273682, 0.6249051690101624, 20.181394577026367, 5.287951469421387, 6.508634567260742, 18.013975143432617, 18.157108306884766, -24.199260711669922]
[15.184940338134766, 13.986393928527832, 12.677677154541016, 18.23872184753418, -25.717952728271484, -9.04576301574707, 16.728513717651367, 20.755990982055664, 7.404036998748779, -2.287281036376953, 18.409534454345703, 11.957326889038086, -0.788185715675354, 20.87481689453125, 23.880002975463867, -18.17933464050293]
[23.934404373168945, 18.13683319091797, 17.821474075317383, 20.728757858276367, -27.16605567932129, -2.537975311279297, 16.51190757751465, 21.84152603149414, 3.8502354621887207, -7.867465972900391, 16.9187068939209, 4.1134867668151855, -7.397215843200684, 21.156503677368164, 21.930416107177734, -13.440038681030273]
[23.774431228637695, 15.82888412475586, 21.85034942626953, 15.733065605163574, -29.5855712890625, -3.2695741653442383, 20.76244354248047, 28.51632308959961, 1.050818920135498, -12.476357460021973, 19.927188873291016, 1.816185712814331, -8.605019569396973, 3.926408290863037, 23.18792724609375, -8.090654373168945]
[24.874996185302734, 15.510573387145996, 13.512795448303223, 14.184170722961426, -32.238250732421875, -17.211156845092773, 27.63298797607422, 27.707420349121094, -1.3359965085983276, -7.127987861633301, 21.146814346313477, -3.458894729614258, 10.830551147460938, 2.6557250022888184, 27.682249069213867, -21.694190979003906]
[19.698978424072266, 18.121540069580078, 18.898155212402344, 17.829195022583008, -20.586153030395508, -6.525328159332275, 11.971327781677246, 26.72846794128418, -3.375108480453491, -2.7774744033813477, 17.977581024169922, 1.9957606792449951, -11.381664276123047, 16.458698272705078, 26.111724853515625, -13.301177978515625]
[25.94261932373047, 18.345373153686523, 21.707813262939453, 21.271408081054688, -24.70233917236328, -1.2607918977737427, 15.157270431518555, 32.914268493652344, -4.247079372406006, -4.138684272766113, 21.02125358581543, 0.5276716947555542, -11.538430213928223, 8.229348182678223, 28.481714248657227, -11.2287015914917]
[14.130914688110352, 14.113495826721191, 10.403987884521484, 19.897659301757812, -30.530038833618164, -5.017190933227539, 19.222490310668945, 30.433713912963867, 1.3516966104507446, -16.435970306396484, 9.111590385437012, -0.026610717177391052, -11.498114585876465, 5.256643295288086, 20.62461280822754, -1.3608338832855225]
[26.58302116394043, 18.091455459594727, 16.721420288085938, 8.631585121154785, -28.695507049560547, -5.785836219787598, 27.829631805419922, 30.60842514038086, 9.57970142364502, -17.668790817260742, 14.021368980407715, -3.447063446044922, -4.086800575256348, -1.389621376991272, 28.726274490356445, -10.754312515258789]
[23.5238037109375, 16.69156837463379, 17.960285186767578, 28.379045486450195, -30.845914840698242, 0.9358636140823364, 17.587732315063477, 33.649627685546875, 1.1680974960327148, -13.45055103302002, 22.429975509643555, 2.5771398544311523, -13.080483436584473, 5.204158782958984, 25.321456909179688, -14.139752388000488]
[19.377117156982422, 14.155718803405762, 12.554327964782715, 22.80811882019043, -32.57654571533203, -6.568033218383789, 20.07339096069336, 24.831186294555664, 3.684817314147949, -11.538568496704102, 17.172775268554688, 5.956814289093018, -4.683052062988281, 8.016283988952637, 25.93739891052246, -12.074270248413086]
